1.4/00-sampleInputs/cropped-UTMtest-dx-5m.asc
ncols 287
nrows 366
xllcorner 480346.019068975293
yllcorner 4226975.31390000042
dx 5.00165420951048212
dy 5.00219999999828513
nodata_value 1.70141000000000007E+38
[rows 126 to 143 of 366, columns 168 to 209 of 287]
-1.62560195174492961 -3.29786898126766514 -5.76529843543083231 -4.84736587705630129 -1.58183098358814611 -1.52646204031668509 -1.87636969964573019 -1.90556008540900934 -1.82839280731088771 -1.72890371325878811 -1.53697205215171251 -1.23823107413557199 -0.982187743210832021 -0.860591964421244415 -0.83093076497763052 -0.851463707792618596 -0.82392172457377344 -0.758968525352403334 -0.776998319662507209 -0.808910784292719121 -0.73200774433958582 -0.702766318522164424 -0.705105897662723913 -0.743055070421041575 -0.838215460132454959 -0.900126641418400486 -0.880818881158514033 -0.901434823885715386 -0.984944144949092659 -1.05550866732754312 -1.08743495228552023 -1.12169118213970886 -1.18771623076012389 -1.25798626741439379 -1.21322913182543379 -1.23884459820931569 -1.31316206132708535 -1.36279583401122872 -1.35625304155881121 -1.34144234858835532 -1.34825360054169785 -1.3765421460727012
-1.12127439948290286 -1.80299890414042352 -2.67661252206709088 -2.20119731978670163 -1.04013318867811844 -0.998835738544987417 -1.14285313523936916 -1.15765698375474746 -1.11743334671215644 -1.06403833777546053 -0.965301077235168337 -0.838940641250073726 -0.750278063797329753 -0.691982473844425683 -0.639702627040065863 -0.617061121156525116 -0.613475890838095173 -0.572474473269267148 -0.503109258970328543 -0.450064676869643243 -0.415488808253722197 -0.42536142957237788 -0.441233354549808054 -0.444834909376100374 -0.490568233172744561 -0.558356120580209336 -0.605387139176377098 -0.66778456427532662 -0.748879317013780854 -0.783755345897888756 -0.799948903521811583 -0.874601603532347949 -1.00096488435579278 -1.07022449730468683 -0.973845709334807852 -0.976012588236425227 -1.07090555506032503 -1.11986146145604115 -1.13355405251153107 -1.17133937981798764 -1.22126697576725607 -1.26518352632872566
-0.613076609307804499 -0.579874312219309074 -0.702950767933229859 -0.743403763013020469 -0.689399932399234694 -0.687494089248848694 -0.687607335585280088 -0.683223580907156958 -0.688171758077420814 -0.686899722130672741 -0.64155133416142418 -0.579781096872581281 -0.549494011880279243 -0.522386122101354045 -0.434887808279234678 -0.338960111310315615 -0.241371046528128963 0.0527281236672625525 0.30079400819374108 0.337449026114184591 0.353115346581502565 0.331357011824819248 0.30141801036609206 0.296470008031805121 0.28802507434927932 0.262814549695418287 0.219068203680251705 0.08417468158515716 -0.186355475233427159 -0.37036267619024954 -0.407146099727487887 -0.477885884152635443 -0.62677603573224816 -0.72169327349897805 -0.627656743438415154 -0.628985105144726941 -0.771313936449937065 -0.805958871066414839 -0.824983223644868202 -0.910544903508095027 -1.03388869181976717 -1.12675214517901856
-0.417236286311949311 -0.417378418689402453 -0.502455589452667106 -0.499474977399522402 -0.481041285301825772 -0.456971590394365024 -0.404105874851077962 -0.384320924811965225 -0.399488278710196876 -0.410850853910569969 -0.381057789930706436 -0.245159188048690552 0.0201429833687637033 0.266221596489145951 0.366202601105916015 0.413274675154775784 0.476279141493633373 0.64527154561640343 0.775454512943539953 0.788962968027098421 0.788447803222827259 0.747576513065038584 0.700297459554161672 0.679759445366006743 0.675003070956203377 0.669290343788671804 0.650263575625768753 0.578395678379208578 0.433227473065241175 0.326693793022589607 0.297273907954359207 0.251245473279483655 0.158113793510338635 0.0992548702586069087 0.132156545162509992 0.13074646419781219 0.0378365024187473226 -0.141871303879713528 -0.385572375906153397 -0.598368454825366269 -0.800283990842689863 -0.910037173234767849
-0.0836986727846302098 -0.22257182647053711 -0.275249760305907476 -0.241324831020764519 -0.180673638180219642 0.134528805073317964 0.404956645753208999 0.437923364382906244 0.418275105039887241 0.405672399454801713 0.41635222786648679 0.485771627666061412 0.626224087655029127 0.759978136280281324 0.813815487793069448 0.838634795504580643 0.863640682762159662 0.89584360526709772 0.919751247995127752 0.931404863268514238 0.914498679617169574 0.859162362451320605 0.806333058257909907 0.78304235592287541 0.776920927045369858 0.770268054748214359 0.757174696533860936 0.737329696842571436 0.717034369463672938 0.702600912345857309 0.686016789357349777 0.64391043965129946 0.583990628347385021 0.558479765823127972 0.554514459729773534 0.547279885532049204 0.516448040737834124 0.402153452017171897 0.245055686036021986 0.106889822694278963 -0.133767670493931679 -0.457288838736138514
0.71052339072429227 0.625301493132324082 0.600484269672303284 0.616448341543544553 0.642710055130858215 0.817727060483868451 0.954378132733220363 0.949434316638357201 0.922168854597028798 0.899252655556552316 0.885265393921398691 0.887235898612586005 0.903646393738217979 0.928113289408756814 0.955147811041830219 0.981964058168664167 1.00679840628066142 1.02895035317476613 1.04640475802364086 1.05342205628274299 1.01796171349838183 0.953208015178719226 0.898710199258305309 0.875119838285562945 0.868919184773300879 0.861000614773614559 0.845720376091014581 0.828946098495018324 0.817843862820155199 0.806739676273137918 0.778812751031224049 0.720145755977496083 0.663222950747150208 0.645022332205929416 0.63692316251173009 0.62545535141882147 0.611036675286730335 0.591376407854544928 0.56972505664320805 0.535706178857734527 0.408134477279573638 0.142252962319126902
1.20487789833361325 1.19080928007333164 1.19184023622116442 1.20246855432522537 1.19428055364507713 1.17921917960321521 1.15920982820006868 1.13094714975830479 1.10353109394139626 1.07712543367843172 1.05307558892292841 1.03923684884191281 1.0427703795639105 1.06101282068829272 1.0860800544155258 1.11262346613264662 1.13817406598415927 1.16093402827832226 1.17883358158974527 1.17096681684258574 1.11912358664375677 1.0499406582591635 0.994344792358771157 0.969424451077310345 0.962097979605123221 0.952916877950282903 0.936589896358357876 0.920838826858599635 0.908774742380684675 0.888328750128332123 0.841474350151415251 0.773402979283490444 0.722031350413071205 0.707368955190988746 0.699055998290104119 0.687430103532482684 0.671529396545802348 0.651380248258018102 0.629236967360597643 0.605744628735674806 0.575691990762902561 0.505798364819930013
1.40338670232654494 1.39446942160836906 1.39973092370900165 1.39991905593295507 1.38079373086814305 1.3542836961463689 1.32716956350299964 1.30111510459397994 1.27530488434077061 1.24950088673645432 1.22408235420731204 1.20190576852762043 1.19148225395834029 1.19883141788546443 1.22027996599870425 1.2466662486151483 1.27224305827633644 1.29471859121652466 1.30810089528686913 1.28052941673678156 1.21717443079009735 1.14648850203377184 1.09019450095327031 1.06388041141201395 1.05520258054887273 1.04493040462424469 1.02858135122223793 1.01379465466751495 0.997008872623772247 0.961539453695819724 0.899516194466171592 0.830970335410916694 0.786459401409923764 0.774617974358946304 0.765370595249685759 0.752773398764028934 0.734778898351499121 0.713346431983379436 0.689666751213000362 0.663764271190469546 0.634538565217328654 0.599301674615136393
1.60161476069709474 1.59483775678659589 1.5931411429832143 1.57767381991078937 1.55214890460894561 1.52646428872904694 1.50095855558384916 1.47548214486727369 1.4497340477919991 1.42398820189417274 1.39845507373471323 1.37328964895566141 1.35232511570837377 1.34453262419504393 1.35591984570861301 1.38023987002343662 1.40630590826287416 1.42819542896573148 1.43059284350487537 1.38439626819802264 1.31471328640562501 1.24332525203677458 1.18623724258172358 1.15838382404248708 1.14804810765996979 1.13641778123632431 1.12061722967863431 1.10446543005122289 1.07738592921207066 1.02557390172158125 0.956363796108291919 0.889294439352708133 0.851252263047111879 0.842040670105274724 0.831860613547617422 0.817443655500104116 0.79776620965263112 0.775142010756051936 0.749988923817136 0.721233494955919596 0.685722597159293512 0.64457793933980112
1.79648451387063179 1.79012373368871858 1.77795562721429201 1.75459734304947346 1.72833798693219332 1.70240980506056094 1.67674980576060428 1.65115997042032947 1.62535931449567728 1.59952719628082574 1.5737790904994382 1.54816812578733853 1.52315703212070042 1.50326555681249707 1.49854917152507827 1.51459693286501507 1.53976312801994264 1.5585518311731672 1.54446731261891568 1.48379279627379135 1.41190341382452678 1.34024159680654642 1.28216358707335765 1.25282622738769023 1.24046324482860393 1.22779825716897051 1.21252778324575838 1.19124620535427006 1.14964552188033275 1.0852639126868604 1.01311471056788482 0.948497334985508256 0.916485336422121155 0.90919867374022012 0.898078493397348909 0.881280520003822399 0.860198206897085482 0.836297576213854699 0.809103336307444687 0.775810432001068029 0.734184014996399514 0.691782071776432916
1.95231056172888917 1.94844634879141743 1.93830596497963503 1.91900420233435276 1.89543573347327987 1.87157369584700728 1.84761449036795233 1.82373730821383995 1.79972933585532413 1.77555933984493786 1.75042132159782349 1.72457323142852692 1.69864787468448619 1.67340037392555208 1.65449657579482157 1.65436865857170856 1.67351626131135767 1.68422940210647343 1.65060782408726414 1.58122596402139681 1.50866907012974671 1.43716443940856053 1.37789109889609307 1.34686090878011111 1.33299091098664491 1.31966476135277011 1.30225250860830255 1.27015584706421669 1.21323035368841414 1.14207634048937035 1.07004336932049449 1.00991150924817541 0.983354770428247815 0.975958031036437079 0.963270005799908402 0.944598216266854807 0.922207991792325266 0.896577183421761736 0.865826852741589659 0.826312693608330373 0.780334385371241779 0.741515686691297082
2.00823386809770188 2.00774317062853669 2.00645741685431922 2.00014005871551248 1.99045342737345887 1.98088342923079086 1.9709575679950686 1.96148697865740429 1.95189521802087418 1.93936238401970162 1.91983710778422756 1.8960132530141498 1.87112159543799117 1.8460887322944779 1.82238952954578348 1.80690712440324752 1.8081597462233665 1.80234838649683415 1.75107820504830647 1.67828341325870078 1.60575108294781921 1.53433468128634765 1.47410532455197707 1.44126314035248937 1.42578410228253927 1.41075419560415716 1.38541234848149397 1.33812172631761617 1.27102491278086727 1.19849914362699472 1.12788995492658572 1.07308140615339886 1.05161978080106122 1.04285291289374604 1.02765292444241774 1.00742126789310182 0.983530292742945789 0.955177260684696439 0.918740765869706322 0.873269519721835419 0.826602811178457797 0.794969161081980347
2.00553451316822695 2.00540784807854378 2.00548743735617307 2.00546972121180023 2.00565856478160454 2.00596525945938664 2.00657186509842766 2.00711623240872994 2.00771592853059033 2.00646286614471236 2.00050572551585626 1.99200090321014889 1.98285296503330688 1.97331255486484092 1.96396818417743591 1.95522626631778329 1.94489557399513791 1.91445551049740104 1.84916572528102074 1.77558402778823554 1.70291162694374476 1.63112868789219934 1.56965240524707039 1.53477997229419927 1.5174735969974773 1.49850371685118788 1.46047246217944293 1.39936966365159621 1.32780675530318093 1.25515178329355837 1.18569378543065285 1.13592214356343613 1.11955208061159595 1.10886455895406666 1.09121969150532161 1.06921592133377574 1.04326843424727755 1.01033260099466538 0.967189016060413631 0.91814668217283768 0.874578998975768407 0.854111096806603021
2.00791583729939749 2.00752133789666365 2.0073606796907062 2.00694280165026484 2.00642674332316551 2.00628790540760038 2.0059832758591698 2.0056129601838526 2.00544306569322295 2.00528127622393049 2.00540698086583058 2.0057775088140648 2.00597489028951381 2.00603960571905304 2.00693479238499917 2.010978080847595 2.01277241542733032 1.99090239392862167 1.94277111700069383 1.87333632788528437 1.8003855914967164 1.72805781860810126 1.66529048297781634 1.62870493162261676 1.60886843289452086 1.58074274322245434 1.52688035638521935 1.45675925174328835 1.38404713693053227 1.31159965757668151 1.24318098085036399 1.19877419041484967 1.18682852496024727 1.17351183514842616 1.15442409017393333 1.13023552541302275 1.10018336551425744 1.06038265028223933 1.01247777577615072 0.963172296825403729 0.925063550163747417 0.917035421966239994
2.01053620782682607 2.01006335152225946 2.00953289996563722 2.00940560085487574 2.00925138970272643 2.00890444894565245 2.00839386047023272 2.0078563543654564 2.00756444070920992 2.00739544398840231 2.00709112130512679 2.00633659130907027 2.0059261224347078 2.01086558321916664 2.02555524511784091 2.03389518450621942 2.03048342590576381 2.01927472114010476 2.00045901761519218 1.96036540466633746 1.89732228340044085 1.82562156872433756 1.76127582765611579 1.72281541812840988 1.69656586614483662 1.65147344278964248 1.58546802930492636 1.51317020278918579 1.44073581449044008 1.36861515941958301 1.30223411144763457 1.2634823842045817 1.25344288469115939 1.23726535590291875 1.21629433974895784 1.189168623105886 1.1524882448723146 1.10670905510022699 1.05675389571694445 1.00976609473794499 0.981379930445900661 0.987689917658892469
2.01329274322388363 2.01266665580798287 2.01243556635539012 2.01245791386358919 2.01212675388320683 2.01155461500418076 2.010998149903517 2.01055060523948903 2.01025600732496956 2.00966900612075294 2.00900516442292476 2.01078065762689562 2.02337415460884751 2.04716855762972916 2.0604025756554325 2.05660899767621119 2.04580373078772704 2.03458370151039958 2.0234267279452447 2.00690972886504726 1.97547174112770563 1.91949869729233225 1.8570002452836567 1.8128703441002354 1.77189266572417692 1.71294986281592143 1.64226530664907 1.56981382991530549 1.49709114414317668 1.42549084862724107 1.3631439721546581 1.33034788004836857 1.31944081018564452 1.30069231831590071 1.27715375897154204 1.244442059944457 1.20076923061389107 1.15148783547188027 1.1012372064437721 1.05764110903646635 1.04050703788921672 1.06213874828378052
2.01572781474215423 2.01546055609294861 2.0148639490979896 2.01481914922402261 2.01437291694914267 2.01380085398104525 2.01358757155062351 2.01297803285262411 2.01217447690617046 2.01138815585246089 2.01735220969234375 2.0404258987155699 2.07161993407829881 2.087099999067485 2.08349811079612257 2.07293483011819157 2.06113154289847511 2.04943678388940098 2.03787995591624327 2.02674836713025597 2.01272935709791767 1.98623543110801726 1.94333774337314824 1.89487810876471197 1.83841673293196251 1.77089467843541826 1.69851740163977194 1.62613241013010912 1.55371702403661427 1.4825217900093679 1.42405147992926806 1.39733189483988718 1.38476882762532827 1.36356637480306953 1.33516507708426579 1.29459957122301272 1.24620658116728866 1.19550415450937275 1.14646423809770326 1.11166265166363254 1.10941271886885473 1.14034035621761354
2.01812511130881411 2.01791422902593709 2.01760569542890078 2.01698311359626326 2.01649127661314154 2.01589491462614978 2.01549178949658181 2.01477627685973015 2.0151157343382442 2.02736544257755824 2.06477938254431237 2.10239150080042103 2.11611593759995076 2.11108924151489141 2.09996144147067154 2.08808858356498916 2.07626720753039473 2.06469612308542505 2.05321503905775016 2.04138413832227172 2.03042900528204306 2.01842920160511774 1.99758514237233054 1.95785948137151911 1.89781120515214208 1.82782112830633126 1.75543372429455635 1.68309479954595043 1.61061923695305742 1.53965664323878326 1.48502744368018469 1.46411401986263989 1.44819493462678328 1.42378875952601125 1.38710896662149996 1.3400375782419065 1.29020671469650616 1.23974895043205358 1.1931010148811223 1.16872354982817939 1.18239193204903725 1.21999088766842445
