1.4/00-sampleInputs/cropped-UTMtest-dx-5m.asc
ncols 287
nrows 366
xllcorner 480346.019068975293
yllcorner 4226975.31390000042
dx 5.00165420951048212
dy 5.00219999999828513
nodata_value 1.70141000000000007E+38
[rows 288 to 305 of 366, columns 168 to 209 of 287]
-0.685094320671669643 -0.874073711214803595 -1.08309252388144461 -0.963448790261107524 -2.37367174896438105 -4.2332263385423099 -4.76011228651579721 -2.89591848745995906 -1.76204170762184575 -1.57467571383999472 -1.57723178376401996 -1.56672914726693624 -1.58112139947875807 -1.52671367881064723 -1.44487085509173574 -2.25281964498532039 -4.83326314822531167 -6.18366387373706594 -4.44358116481809073 -3.53693154721458303 -4.26237963581205914 -5.10835598234705124 -3.25864140899526777 -2.25941605225758035 -2.62223896218527441 -3.23514964954884476 -3.70974417197155315 -3.95882163832098577 -3.37650276163787932 -1.76943124123453122 -1.28122798937506355 -1.32587313207010249 -1.3470924845209149 -1.29207481872150676 -1.24034707903228214 -1.22952777463159979 -1.24700329824391321 -1.27478056810879647 -1.30468365434293543 -1.31682830359390413 -1.31402764653592263 -1.31822667898759738
-0.982338783354132272 -2.0332808628861283 -3.2659491050328584 -1.22192480549139182 -2.34840528109998381 -2.40305112069837179 -1.7822662386768866 -1.81867404609778838 -3.96827455403492868 -5.431888759120449 -5.72950737884539762 -5.56917984307321845 -5.00044559195536298 -3.6505141570498143 -1.73165743731049471 -2.27133903613580124 -5.06002346984171858 -6.31508677228355353 -6.09384346585746872 -6.0229043075792168 -6.13078299255665549 -5.55698129817734188 -3.37134873016093106 -2.17123930138420151 -2.62520116837516548 -3.88128058695795985 -4.10884482275695717 -3.43156156710421856 -2.53167869620033903 -1.48410065411656467 -1.29303910700478331 -1.34919328632499957 -1.3645401176388845 -1.3116056546110062 -1.2560756182873698 -1.24304662029144875 -1.25934493608128539 -1.29699825804857038 -1.36475190809533586 -1.41857876110182701 -1.43457768950520936 -1.44201609838944056
-1.36276306882707221 -2.62153101919242593 -1.34516906197578789 -0.803743841105443391 -1.05852151675163308 -2.12797639800693572 -2.002121568805598 -1.74505722323997237 -3.59923537664689741 -4.87767488066524546 -5.11271522336643347 -4.52965890178743713 -2.93674539241248223 -1.63592000180777108 -1.22362043318737235 -2.28635701585611839 -5.05284982350955758 -5.84250284623457894 -5.22674268830616207 -5.54791002923914345 -5.60671771978690359 -4.60166923730215593 -4.53182676393794193 -3.41338815709607202 -2.75810386807991659 -2.87251398637939337 -3.05879960752270552 -2.79227553132990858 -1.91672814780583489 -1.35355950414536941 -1.29922240719927951 -1.32466117485346735 -1.3300604111326797 -1.29910373967609849 -1.26138719486317652 -1.25554923861676437 -1.27221763893690354 -1.31613841388058672 -1.40831622219410013 -1.50242902803319889 -1.54510023758999404 -1.55367323761287901
-1.09638133834679929 -1.64677210898318926 -0.843180384554557683 -0.761927362892692139 -0.78526014157464441 -1.0890845989818021 -1.08281775379752521 -0.965051297685298293 -1.41298674979905758 -2.05062698815807076 -2.44467990812080149 -2.89328232589457546 -3.29125627804139365 -1.96258129624636268 -1.50648866098645207 -2.62702358207174091 -4.6818947442419141 -4.40880777022059789 -2.99207855137589096 -3.10664335258046576 -3.38022973876043498 -4.41211334795829924 -5.74022343272024926 -5.75039617289560212 -4.5505662703858798 -3.11495072122259176 -2.63015948572162106 -2.34240999539114148 -1.59412966624226171 -1.30495234079956868 -1.29862705114215382 -1.30740058947102877 -1.30066560044952095 -1.28735837066134828 -1.2805437456486759 -1.28972833409020815 -1.31006674152657654 -1.36158205415692191 -1.45903984164960199 -1.54083425782624905 -1.61140621526429761 -1.80954094190454007
-1.29756912168385963 -2.18630701146310713 -0.965983148122062318 -0.790294010434186456 -0.812706511351425021 -0.864053624292210332 -1.49204878679364628 -1.82653663570960023 -1.50907224511702953 -2.08264297873863535 -3.04927420254074821 -3.71316231533014918 -4.31722610484676572 -3.41178345259864324 -3.1555988412461935 -3.31542924207481038 -3.36123572952879535 -3.64662761754631415 -5.0093224772986229 -3.38050046327636133 -2.6454543325253681 -4.33879671200242356 -5.27838106582337474 -5.1826896893773462 -4.16881338062213214 -2.87072953157677091 -2.32424475334288028 -1.94150678344064143 -1.44168344303059559 -1.2996172064517908 -1.30219777002117953 -1.3204807067833666 -1.31528686399386996 -1.30950751235895435 -1.33325019588600258 -1.36497756348974986 -1.39519765006472829 -1.44087710447293937 -1.51843321500027617 -1.70155946591602869 -2.18851579341637414 -2.95015940350563488
-0.885578161053340529 -1.19169245839637661 -0.817203353236121477 -0.795622245330880107 -0.819122955610154024 -0.928953013418827855 -2.40381940755401358 -3.88345226278882594 -3.2192330549579391 -2.4787456110628856 -2.79765492053372355 -3.68338520919063273 -4.33245290533190808 -4.33657833830467077 -4.21656886316010304 -3.13272264443383497 -2.17686224524202077 -3.46588070816327098 -5.68073112104353495 -4.74055701550484709 -3.46172421765063154 -4.03728107265075842 -3.77105358555505932 -2.80600658067648201 -2.2392688947909134 -2.09050684529649144 -2.01457094615573551 -1.65893373402979916 -1.36170770690181775 -1.29847460623485467 -1.30658726073904718 -1.3418970341445613 -1.34716372784670302 -1.36165746875620264 -1.41591112527400997 -1.47980237826465544 -1.52716093182822799 -1.59197700549591659 -1.96253741795927361 -2.93154095135343695 -4.11812103334072699 -4.66908774810732385
-0.709559387393929542 -0.727947282933213868 -0.761778519169199586 -0.784859363972983948 -0.785854221767697703 -0.810154440169329471 -1.54300225485506171 -3.34499572468030903 -3.79587314632365969 -3.0944780948719548 -2.85351202067505394 -3.11519131415397466 -2.98209611043924827 -2.69042368790813002 -3.13598445857408903 -2.79158360600097488 -2.5539817499847155 -4.29028140715206696 -4.89985218584740156 -4.49867759970149717 -2.69212079670110604 -3.06751470057122688 -3.90248019680030467 -2.52535638344291247 -1.59819718259637766 -1.68326382163702792 -1.75262629484855736 -1.50740332509537733 -1.33319208405670619 -1.29656884052039745 -1.30998157377899949 -1.36228254822414763 -1.39313813501440698 -1.44182759847110953 -1.52713615938110725 -1.63276925913482263 -1.70951745263534427 -1.80820091394943683 -2.54942048913751762 -4.08200242403755631 -5.02381711110351326 -4.91324891260683838
-0.744170859271489737 -0.751473997472731581 -0.77974406122979012 -0.95497568128550625 -1.66655926731951243 -2.09850973361083204 -1.53943703719160352 -1.52490127162188172 -1.74861436633385492 -1.67636535417232579 -2.23579000481458889 -3.79866582909890793 -4.24214284785512863 -3.2757328676080979 -3.2506893976696225 -2.8214311692986751 -2.97226638598607229 -5.54849216281127067 -5.05008562121450399 -3.79619533534873899 -2.85848564226576229 -3.61941406871714122 -4.81378421663244005 -3.39066105660680606 -1.87311412827041623 -1.5416815984236012 -1.52997273270030809 -1.40935478256732694 -1.32942083321956672 -1.30764423054805112 -1.3227814435751224 -1.38953701124108342 -1.46290297384523527 -1.55470721387766897 -1.67212947912794174 -1.82215684959234503 -1.942071551946561 -1.97989220489719076 -2.18605915484166236 -2.61298914799195003 -2.85329665484240591 -3.14395552786793209
-0.725138604822769817 -0.755786054132139062 -0.79428667360986005 -1.18003102015489558 -2.71768926892249318 -4.17304241861747549 -3.3440671952638823 -1.63528335060404073 -0.9347316110760161 -0.908647840626881864 -1.65835885148313111 -3.47318878754314708 -4.84213579089026069 -5.34091678052743646 -5.05059891814188155 -3.51859712475097552 -2.8204194567219294 -4.80348625295471354 -3.90347735034780596 -3.65473362196790097 -4.13071242074622536 -3.70972622713661826 -5.02415801784201577 -4.7896604380649892 -2.90526688198460459 -1.70185323521030107 -1.43855886847226344 -1.37795707205279272 -1.34747991505051767 -1.34769327364901259 -1.37211748751165219 -1.44118990968653993 -1.53456388853364301 -1.66306546465319105 -1.81110444242045898 -1.99528852199900797 -2.15626119388611492 -2.18057626049494679 -2.08435833433299367 -1.93950934405190667 -1.85606872662115285 -1.95163604355322473
-0.818102612723593969 -0.757653276062584369 -0.78216762196896561 -0.892152835528067567 -1.30635924846541718 -3.2605241832121008 -4.73176787157088796 -3.20940254984673645 -1.52416739421162339 -0.98979189505902776 -1.26068080814278605 -2.12890857197311689 -3.52131182484214378 -5.49587248370485071 -6.00533094303866921 -4.75759213222356703 -2.41452900431568152 -1.92553848396861138 -1.78443886866435419 -2.20369223321460916 -2.61081840233166185 -2.48338550127592539 -4.21012239141563072 -5.11914642967406319 -4.05224527190887951 -2.21903718875353118 -1.44036586235889041 -1.38116243793930726 -1.38570738415936279 -1.42475119936247951 -1.48240303242000948 -1.54326254947169872 -1.59521647430582725 -1.69459804892194521 -1.87189947440200855 -2.41224490717789219 -2.98824344081358939 -3.01800429130726844 -2.52184354312307679 -2.20490487578419669 -2.06628071640603084 -1.91860917812151954
-1.13054658594046242 -0.748224581534333577 -0.771746134085719682 -0.89841075083551647 -1.41447981875970119 -3.34632659192097659 -5.3178624065696356 -4.95788170721201116 -2.51378925080712401 -1.15934146609829591 -1.60783321311686755 -3.39726103315093475 -4.72811486809816284 -5.23578745796864631 -5.26399670690306021 -4.3708461620695509 -2.09256557660724374 -1.52586708372472346 -2.0837855426405536 -2.65664463045145904 -3.52615832441759958 -3.17329371819238482 -2.86582777679378209 -3.40239636062361184 -3.59666804557462294 -2.26738288268604427 -1.44284424985822124 -1.40533951313238914 -1.45381401969370905 -1.54067089140750557 -1.6352589214524631 -1.69705955269417519 -1.69187752225404031 -1.66653780191850509 -1.89597837569801486 -3.82992970163005486 -6.05762458326611775 -6.10428219005180406 -3.84484222991980706 -2.43637709612017428 -2.13002307429856552 -1.98567726565650582
-1.74902851704293982 -0.913860467948954591 -0.846260196408011867 -1.72121699866853195 -3.87397582579536381 -4.82047107425891319 -5.01142064797044728 -4.60029633122591086 -2.90198466055847915 -1.88842906195216509 -1.71968338296769296 -1.8163021895976601 -1.92448299449472238 -1.97017712767526287 -1.81314941713536415 -1.46675461437691612 -1.32759086848125363 -2.93252487495832215 -3.94091942724143118 -1.92074619197042695 -3.45182192324420756 -5.38699958398948553 -5.99883172211845661 -5.73761843610369837 -4.18653599271400267 -2.19744654808880302 -1.44135580551382625 -1.45788341970581037 -1.55104729215418002 -1.66256222624500416 -1.75510312125516577 -1.79158852655404743 -1.73223470988306749 -1.68404044682727139 -2.18057835710524017 -4.23291188399463447 -6.46992622205798185 -7.16602580599409489 -5.83261697374400256 -3.27272665995698731 -2.12288481654075412 -1.97042652024557574
-4.1861974744566659 -1.69308188352542355 -1.11580096455660827 -3.13582622864581184 -4.98223820826406438 -2.74983469117003132 -1.84197959708578063 -2.15739018150189255 -4.03343865070431029 -5.4611710926275272 -5.93391615498748237 -6.03781677366100133 -6.027059492478271 -5.45648461056380807 -3.57492982004103421 -1.40400057032914538 -1.20455689935396704 -2.99684043401664324 -5.15286387114877886 -2.96774722983203754 -3.62031259794738425 -5.35667845573004087 -5.83068563525085626 -4.75940018865419923 -2.51965825932879728 -1.49899965412466929 -1.45690025870083173 -1.52367275227916155 -1.62465140311759737 -1.71080873449146953 -1.78419066131734505 -2.03562218065249034 -2.30218986151098814 -2.70047105239760343 -5.15553789539618723 -6.44306399338069635 -6.77164262436465947 -6.00865044505283663 -3.42306960535827898 -2.26774517355384519 -2.2700469607970768 -2.1839470130800267
-0.914452290384662692 -1.09783212720569945 -1.12785525433805511 -3.2942040124488261 -5.957532548463365 -4.05109349149975984 -3.75983062731778039 -2.60795765661810997 -2.65298503793095852 -4.57363971754150889 -5.5970723366637527 -5.80166992911022561 -6.02558010794963472 -5.70448460186303752 -4.0727427028416896 -2.12019861352043071 -1.61051615063696318 -1.40725057673906018 -2.14499778416318687 -3.0938654426221448 -3.708787730725156 -2.89716743253287357 -1.94291448686199764 -1.5744236985300617 -1.46146311180091426 -1.44647207922385324 -1.49073723525287272 -1.5649321947508088 -1.64102216441317239 -1.70860773444444103 -2.03535150167779211 -3.5315809811577008 -5.80714260643775226 -6.37910400506673625 -6.49486415239216353 -5.99007141860777637 -3.92981413254307999 -2.52847968298286396 -2.16188239534463023 -2.64385524965153618 -4.01532522277465898 -4.51136757289832069
-1.77176524277659353 -3.31666208743745905 -1.40943165323061459 -3.30859607781796505 -6.05311947396731131 -4.19216219527687439 -4.04474458801207337 -3.20360684069892843 -2.65401932070665447 -2.82640819858710168 -2.03658617456574431 -2.29606113412926716 -4.41002789639131798 -5.39948073781484794 -5.29315812943625907 -4.99349765678137913 -3.84386175644228967 -1.4684477281041084 -1.28864226180969665 -1.48515821696178474 -1.58643925191752566 -1.47378686083147659 -1.36581064624496862 -1.37066174729971557 -1.43663097539904094 -1.5009732718116342 -1.5316169966670361 -1.55943895040384128 -1.59046323041482696 -1.75888848228981343 -2.78364922764849476 -4.2064387447169107 -4.94539671613792553 -6.38268105603250113 -5.56407965565084606 -3.19964495192478893 -1.98170738400631774 -1.72794900907495541 -1.83708289893876175 -2.09233625903244569 -2.41482127566245142 -2.38085669553970014
-2.3685516870087131 -3.43494213146401206 -1.29444291975550096 -2.85678502287420866 -5.66146217743083024 -4.60970893407732518 -4.16736387922359874 -4.05793905015892875 -3.086348154421243 -2.53934783517849105 -1.64706688341620922 -1.1913912444489021 -1.40982152165665342 -1.57495948280634912 -1.64669986966258008 -1.72276345554667665 -1.60414325351876608 -1.24252771916852089 -1.28311497377979777 -1.37440469136210619 -1.34840469810314523 -1.31025533213429779 -1.31746569894549714 -1.3779621987760442 -1.50525393150475506 -1.602937408505404 -1.58415492521372947 -1.51594072943362312 -1.49599553610173786 -1.8326836799608841 -3.38846562156362996 -5.67304489899164111 -4.79108561517970344 -4.92483991473443883 -4.59340941374474365 -2.55535392656095572 -1.70155688888873313 -1.64574888715169831 -2.00307815833642966 -2.89228901167910557 -3.57686039527946198 -2.96929953471132979
-3.46517367400774923 -3.60261417385129112 -2.30666536417699097 -2.71846703884418606 -4.12109586977449993 -4.40999834694286008 -2.91633254745596737 -1.76374743503991493 -1.32875507472977916 -1.23985314232892363 -1.12465822535753279 -1.05755793570968892 -1.07025473424896189 -1.10201581418855965 -1.14435326337297449 -1.19701805635858594 -1.24012709378363928 -1.23920144118526854 -1.29491761348626211 -1.49803163947911777 -1.55111598102044668 -1.44945666804451068 -1.35276210800881858 -1.39297452462758531 -1.57381427709548927 -1.73976986984719728 -2.01789759506157873 -2.49184317748553941 -2.74468044459183602 -3.32261263891238956 -5.0204675728185908 -6.2576994348261783 -5.38163403256828587 -3.46080200547667305 -2.36189699251939489 -1.79382971821272719 -1.58730019236841136 -1.66195976758381581 -2.65452477742001713 -4.65195107402350594 -5.20003837042767714 -3.49680256299106373
-4.08408530851681562 -2.84065740874729089 -3.75075174600209715 -3.64136661481114787 -2.47803117178012489 -1.73269341235326091 -1.27635170594777403 -0.973202590368799858 -0.917314347155171017 -0.92283812428682388 -0.937392152000885437 -0.975354571162987183 -1.04662854715149334 -1.13955658392791559 -1.22405046021454433 -1.27821706345806008 -1.28436207300227934 -1.23285805868142728 -1.22277775822370072 -1.46174946471729861 -1.73498297970950999 -1.78806617271851875 -1.57704806238558159 -1.46346550648953477 -1.59530885149199553 -1.81971980731459504 -2.63271670711610151 -4.42916562826596216 -5.74968984408011607 -6.08886413059494469 -6.10721276759301546 -4.75685997648976677 -2.89603561684163369 -2.03413781263204241 -1.62713051259622077 -1.70130085708115475 -2.24913394637358355 -2.45869979291858876 -2.48699076360266913 -3.57988177782760442 -4.27466927943376085 -3.05842331073169449
