1.4/00-sampleInputs/cropped-UTMtest-dx-5m.asc
ncols 287
nrows 366
xllcorner 480346.019068975293
yllcorner 4226975.31390000042
dx 5.00165420951048212
dy 5.00219999999828513
nodata_value 1.70141000000000007E+38
[rows 72 to 89 of 366, columns 42 to 83 of 287]
-22.2924821177803558 -22.349602775006332 -22.5803451559772377 -23.0061674540268939 -23.481569625331062 -23.9280058671746332 -24.389474158149028 -24.8315009839175609 -25.1699784810788394 -25.3841160952213016 -25.482858482406705 -25.5155030989744311 -25.5138433334576895 -25.4166490351969472 -25.2591755165432765 -25.1203183267901125 -24.8701727559216508 -24.4393678678675492 -23.929557093144787 -23.3777833197958564 -22.8510043021963654 -22.3737492951901942 -21.8346195787134825 -21.1636411630109755 -20.3667075681137959 -19.4715721961172079 -18.554183309872549 -17.6910957988872539 -16.8479087658328588 -15.6420807365310104 -13.7262828597143436 -10.7692809177615967 -7.4999811130127565 -5.50072231997125716 -4.21790362180766465 -2.53408501489568927 -0.993737711827387793 0.212386609841214935 0.794949331138097959 0.889285254506397616 0.888329386020446865 0.890719123714729388
-20.4586418453642445 -20.6599791208404575 -21.0589133648409188 -21.5279291066655638 -22.0068315882723198 -22.4992973365382127 -23.0203985687127144 -23.5035366716801626 -23.8257066408800355 -23.9642634346506753 -24.0164439493900304 -24.0993505360306841 -24.2716180846738538 -24.3343452380238574 -24.1584885269787115 -23.9039018669313421 -23.5362771643449591 -23.05635214577282 -22.5523298587884256 -22.0526989737553443 -21.5676100145437104 -21.0831254280132825 -20.5464760742803492 -19.9245736343443944 -19.1914971087155131 -18.3479197872922128 -17.4739339600916992 -16.591904505971403 -15.5023082116284616 -13.4596829129669562 -10.6233883055393292 -7.69365911259447 -5.42600061661129729 -3.67239773974025763 -1.92576261929358328 -0.395815720409476712 0.58080356892347873 0.978596072166776132 1.05889026284267795 1.062596562775739 1.06655383618827782 1.07549730146442513
-18.8453668889960433 -19.2546341057495169 -19.7605695639550589 -20.2410009709218244 -20.7216418962942797 -21.2272785090912386 -21.7445178313285545 -22.1978769670239586 -22.4704525713868968 -22.5670266514585123 -22.6102479877812641 -22.7167803594111852 -22.9433732011567599 -23.0946034183050024 -22.9347276216343765 -22.5971730422718622 -22.1623820038445274 -21.6693860094745716 -21.1735194550509398 -20.6954467634539974 -20.2269132533354323 -19.7402527672587809 -19.2079468145076291 -18.6295599147776443 -17.9884678970225984 -17.2440777275624626 -16.3740250938564067 -15.1990580725495494 -13.3294673778938577 -10.4862515819858029 -7.5275858471176047 -5.44179883575211498 -3.922122295910909 -2.55331360027425669 -1.2186879983107286 -0.0410222978372637437 0.808363274759071881 1.14294157197080382 1.21501748947273769 1.2412944150246592 1.25124414285102592 1.26183086024250213
-17.4961491379943901 -17.9798447198019709 -18.4999626892974227 -18.9907051216513061 -19.4925598320333222 -20.0028442518792069 -20.49880370406796 -20.8945546211558053 -21.1193146394972118 -21.2179825238220126 -21.2700199898018312 -21.3459534914776405 -21.4979529605640707 -21.6346076227057331 -21.4984443053650907 -21.1865991645614535 -20.7782663267759098 -20.2973798711436295 -19.8114316098038579 -19.3387654981793489 -18.8764168998218338 -18.4046136376153449 -17.913501771531763 -17.4025223446731907 -16.843707867159246 -16.1235680521577187 -14.9659452067806527 -13.0348193927802996 -10.3948526449295819 -7.50827085986420428 -5.34174222117588648 -3.83532223891026858 -2.54431398803089825 -1.15714670835143396 0.135860927966364731 0.774188982770604328 1.10351678487201754 1.30377251686119888 1.39429846056629025 1.42651703490373016 1.43757249323592085 1.44869198275311195
-16.3017765489349813 -16.8239611177228205 -17.3116009792328498 -17.7681087360047769 -18.2633474740641653 -18.7802571644248424 -19.2491433776178305 -19.5727183445659776 -19.7599927269064999 -19.877256723964237 -19.9538653898708276 -20.0196520328506189 -20.1130634632466005 -20.1807991011293204 -20.0543960755925603 -19.7980649595398361 -19.4163300207586893 -18.9389176829358838 -18.456400084260153 -18.0015644168125348 -17.5829064396666688 -17.1918414145586702 -16.7771371020820581 -16.2974482223843857 -15.7236398609076922 -14.7946785229971631 -12.9907312207256673 -10.2902564542897856 -7.34734830706638853 -5.20448855096506691 -3.76314913018104713 -2.50957216500363511 -1.17815866678596715 0.202854109896836832 0.924098010367167766 1.17620184820815177 1.32967740405664969 1.47763000668449651 1.57674919301842431 1.6121780992746797 1.62390877508740239 1.63521597214560566
-15.1402700522601528 -15.6975158577095435 -16.1709880898561984 -16.5780026050181597 -17.0285733362602727 -17.5210718508820662 -17.9290354437175772 -18.1808302268562514 -18.3444607933289987 -18.4807923273724342 -18.5865485134520867 -18.6625382130926205 -18.728541439243628 -18.7328405921855818 -18.5882299503572952 -18.3741473487826816 -18.0397187328139168 -17.5603370415039635 -17.1486987852433153 -16.7357166313195584 -16.3605697339474538 -16.0280128419506411 -15.655823510252409 -15.1859613362712196 -14.5118917280901414 -13.1662761679338534 -10.6617856406061478 -7.4874523234172834 -4.79871066438427007 -3.20303292497103076 -2.02778673727629366 -0.580843315205682553 0.434430785642187844 0.93164160569825083 1.16208665796402344 1.3256190127853742 1.49235549060478179 1.65262000832278222 1.76021047937260811 1.79874868677443245 1.81053438135974742 1.82154054900727136
-13.913903340372066 -14.4992861540252456 -14.9805734526433163 -15.3998729951995426 -15.8108940074897699 -16.2297329724748174 -16.5360340285476681 -16.7202108233048889 -16.8628364980497452 -16.9914857782256377 -17.0846124764618672 -17.1457027210113289 -17.1893349691081667 -17.1686483540780621 -17.0574802102819483 -16.8795113598999862 -16.576683568380691 -16.1410712233448805 -15.8216504846830723 -15.4818095676298864 -15.1236862739833651 -14.7815819926492065 -14.4261101236437881 -13.9720248679142891 -13.1276751513475372 -11.3395997479576387 -8.47096528374651214 -5.1882848110746469 -2.63695423344972202 -1.15541414865919556 0.179015296965261084 0.751853881223263465 1.04335662105401683 1.19126718260480624 1.33603283236810388 1.49610837227419058 1.66490809212482049 1.82747124623462032 1.9406717559235207 1.98430397874701403 1.99740849476081594 2.00808741606694596
-12.6468969065568579 -13.2176072950467063 -13.6929746492736744 -14.1273965910871091 -14.5404104364950211 -14.8815667314835594 -15.0963699943985628 -15.2344036788270145 -15.3547116051025725 -15.4549980415725461 -15.5205399749589361 -15.5692149384221032 -15.6132222745886651 -15.6352800688570763 -15.6116202719338197 -15.4190120279685381 -15.0897599214880032 -14.708015518658355 -14.4317865306597124 -14.1609326949531731 -13.8243997117431299 -13.4716581525516261 -13.1398210450933881 -12.6020218942878017 -11.2887972155974978 -8.96891189225688201 -6.21559196978066897 -3.25255650799056539 -0.526617931946479434 0.511388210553887501 0.987419849813423678 1.16267651274177863 1.27034947102121043 1.37640223181666532 1.51208311615734847 1.66957554999655544 1.8375512742075073 2.00120915137004074 2.12002198372784978 2.16942553611742595 2.18378421430948411 2.19448380610181726
-11.3657062885640112 -11.9129798810297753 -12.3714829857174529 -12.7966338071544712 -13.1975061428047731 -13.4717168370428659 -13.6123990006613287 -13.7227229441920322 -13.8365444931541219 -13.9311739819881257 -13.9929597432948221 -14.0441647563483212 -14.111729497390689 -14.1970914206399961 -14.2429184767207175 -14.0314469425872304 -13.6205449929461047 -13.2653760146760185 -13.0091490703565249 -12.7657199968354611 -12.4679461737617618 -12.1265667747586878 -11.7313107922175792 -10.9055186278409906 -8.97949978906368429 -6.18524643457473644 -3.62110046633621074 -1.19036267593903977 0.59391549837833435 1.08871343861090719 1.22549376300626545 1.35782581520064349 1.46860276507577736 1.57013721874475043 1.69317888547363204 1.84515714022009947 2.01158922458013345 2.17563127525767142 2.29948331500978309 2.35462927918246478 2.37038037874595675 2.38137271485233404
-10.0475400126508312 -10.5743824951349623 -11.0249917368799117 -11.4491659919231985 -11.8187687698149784 -12.0308714480175656 -12.1275484816679331 -12.2111340547927938 -12.3128333360331528 -12.4091730872373027 -12.4832501113288732 -12.5475762848766426 -12.6295432835981956 -12.7164705361234862 -12.7012178017783164 -12.4522699578948082 -12.071458117349918 -11.778921212831559 -11.5507227926740654 -11.3225392816344659 -11.0114808187549738 -10.4902897476960462 -9.66300682255555365 -8.33477724500699146 -6.13490714419254779 -3.42181016957544015 -1.26233044699028008 0.290761595735076983 1.03944126394782188 1.26036813525304137 1.40914064193912525 1.55084898365872759 1.66887906362846583 1.76886704589924526 1.88075451101090074 2.02293236570685275 2.18550993568162699 2.34977537808942261 2.47867880280598651 2.53995835695044958 2.55731765802567823 2.56801124590562546
-8.65211390687123405 -9.13409773215253828 -9.58752288605142233 -10.034195926778807 -10.4089801057915956 -10.5985484338109455 -10.6710371394722277 -10.7272241709160276 -10.8078432593182914 -10.9015208613440713 -10.9811498977735447 -11.047421678560422 -11.1043652547104976 -11.1016479807341923 -10.980108264495577 -10.737539461179054 -10.4495173623226805 -10.2315898261689107 -10.0080355920598532 -9.72435464257581117 -9.19654936702835712 -8.10628603393474911 -6.51246634062034069 -4.77030270483778995 -2.85495765469094476 -0.853642737158842979 0.439716079499892332 1.01968800920849811 1.25817183355018947 1.42729966705099476 1.59582640978647206 1.74406502737918467 1.86868550461156113 1.97004801532921303 2.07345160332929046 2.20318628632691027 2.35986349789006988 2.5240736742445149 2.658090221279235 2.72559261603168101 2.74414119078964713 2.75432435059077685
-7.18845001673637629 -7.62866717120727778 -8.08259495094955938 -8.55821539383006069 -8.9649922586854327 -9.17856920485736971 -9.26437458698730509 -9.31674302663961029 -9.39263291033795333 -9.49524171593108335 -9.57203277847243861 -9.59776690090137308 -9.56471900519130713 -9.46253414399054904 -9.30692791354161564 -9.1046840053671918 -8.87959306525280923 -8.65159913694646399 -8.28374730924967473 -7.76569585499321935 -6.89313988285096535 -5.20519596902038018 -2.93676570890174826 -1.08760569702673071 -0.015016680593045395 0.746197174930374629 1.16840008498802961 1.31378395109804313 1.43644670381567496 1.60066736563571288 1.78016331105246906 1.9357179603988921 2.06712457836415675 2.17196495896131125 2.27035546109114517 2.38837487089488043 2.53625622857474031 2.69874476620333281 2.83763038095929598 2.91117092045679549 2.93082356770990549 2.94061881412641624
-5.69198937630146329 -6.11587194260961198 -6.56562159832731229 -7.07254022919069136 -7.51442095808179467 -7.76216356803434593 -7.88090450264742337 -7.95609585399453678 -8.04916504894965179 -8.1797994589808134 -8.28160253634739618 -8.28175652756178238 -8.15653369844716458 -7.98170581855023364 -7.82171743313746148 -7.63626005947267839 -7.41681560940777906 -7.09265582736695244 -6.51343612880258771 -5.70766972648030446 -4.30216317296753115 -2.16973184448051448 -0.229287140307100401 0.806362138658853533 1.120095695188698 1.23692969186937285 1.36018382479138666 1.49325255187708539 1.62938287380415758 1.78115067524010162 1.9611739656538314 2.12539130239821228 2.26450563276944283 2.3739111899778842 2.4700684964200792 2.57810089844472135 2.71485466089397631 2.87361877131868448 3.01717894216649629 3.09651532392038531 3.11732990821408551 3.12721140152313337
-4.20134650045310387 -4.60920955773218477 -5.00420765258946165 -5.54227791474637677 -6.014277190601371 -6.26361432288610409 -6.38536388786209486 -6.47042884050703826 -6.5681044088281979 -6.70738422090789577 -6.84893040810193376 -6.90938708873385998 -6.80801321181212682 -6.62245804305424635 -6.45219648019036018 -6.25331446379738676 -6.01955570985658017 -5.57802378750824168 -4.85519500041761276 -3.8409880192862067 -2.16567396142263746 -0.254467993607748966 0.834113858221198434 1.13097281778729175 1.24805335282667196 1.38789697012635349 1.5365668305235316 1.68611831367068321 1.82954027187090218 1.97221775577984815 2.14257655921699941 2.31378879061471521 2.46070797530287555 2.57591260287164214 2.6719242797704208 2.77193015122631081 2.89682955969504885 3.04951433605440947 3.19670262611490319 3.28184121386725591 3.30384696653939391 3.3138799514679258
-2.60892635610283641 -3.11047586130573572 -3.38688852589794465 -3.895079796353345 -4.30841320987496523 -4.45588292661593588 -4.49200337814699679 -4.52424289247404943 -4.59889449059561173 -4.74167494743132245 -4.93693285473629295 -5.13312830060994862 -5.20617986013452327 -5.18039095921054837 -5.08298026417038784 -4.87935665947983033 -4.62523196879130349 -4.0872612499509442 -3.29121522980688663 -2.16271604391025507 -0.636180854586886557 0.584065662589735579 1.09624968554606772 1.27131155025240172 1.42092300493141566 1.57328551293524455 1.72583930520030004 1.87862717951982017 2.02834755198896843 2.1702434730506317 2.32607500441360537 2.49951801599019152 2.65440781895817857 2.77739715841520418 2.87507830575103762 2.96967846344550601 3.08329942251059874 3.22757923358918486 3.37628923403330061 3.46684141923015687 3.49054018205969863 3.50034530742858552
-0.320876549377558717 -1.19829293595792485 -1.37290066849627701 -1.7404020110505769 -1.97976237100173957 -2.01905501461260295 -1.98896861678543635 -1.97662081551535906 -2.03067722759555203 -2.17307571848186365 -2.42732892714730486 -2.84330427784714779 -3.26753055353814448 -3.56048625438867905 -3.66976645878706398 -3.512884922630652 -3.22047894995381512 -2.58199756877649333 -1.60112603501246675 -0.422601409627828328 0.743277718928020414 1.25328157587763656 1.35294515469457854 1.44996311925369836 1.60139888605157887 1.76145124067592751 1.91690576982904526 2.07036262969926987 2.22284917348309641 2.36945984877060356 2.51575066531222813 2.68421976262416351 2.8457704512513331 2.97672930151778603 3.07761382479274603 3.16990385805930019 3.27429623027946093 3.40780932790955271 3.55374068772786655 3.64935675626800959 3.67695572517233238 3.68725586017521412
2.97116304841430967 2.52878358238076473 2.45547847077191417 2.34979509980012757 2.16062747098334773 1.99546111024807504 1.86889179504460401 1.78126261095431149 1.73311016112614413 1.67724356895297677 1.41799723648272535 0.483534857150653252 -0.954505723925690219 -1.77489407029199131 -2.01438901951680993 -2.03730061851752575 -1.80509371627348614 -0.920963902936654977 0.943226586825180346 1.64557331005087937 1.77883737372436435 1.75810730126710268 1.71427819163716433 1.71744979576488066 1.79553823987901962 1.94207939810105734 2.10479548987905485 2.26142558248650527 2.41476992354390774 2.5659197979451851 2.71146213444468964 2.86875907251609297 3.03417029573406394 3.17519087716933202 3.28073492600772632 3.37248443201202441 3.46924443579528097 3.59024229021714625 3.7296648525097118 3.82948953044919493 3.86258420514574574 3.8738202209302055
4.45805512140486293 4.27385554380530142 4.19141842171481382 4.02732741898096336 3.77896893765077424 3.55879567790416473 3.37865347880875877 3.25585019020369826 3.22655005042443577 3.22550608041731923 3.15587480088608574 2.86953226077510104 2.35398195305959135 1.94873716345181847 1.77128555876914651 0.845641399353762591 0.754541030971662918 1.74194119482214504 2.50384543049922215 2.55303634511754929 2.34934461076794365 2.22142128595020072 2.16669551720289544 2.12897614478101938 2.11537962225906151 2.16197100912300355 2.28653320574105567 2.44767814069668255 2.60541364912156892 2.75896097035589571 2.90876633216665859 3.05600845593698978 3.22176741350096973 3.37073191471719014 3.4832934010968839 3.57637380657316806 3.66871303829056439 3.77870123193035257 3.90846605318685558 4.00986651321821341 4.04845160762327616 4.06059549369069117
