1.4/00-sampleInputs/cropped-UTMtest-dx-5m.asc
ncols 287
nrows 366
xllcorner 480346.019068975293
yllcorner 4226975.31390000042
dx 5.00165420951048212
dy 5.00219999999828513
nodata_value 1.70141000000000007E+38
[rows 54 to 71 of 366, columns 84 to 125 of 287]
-13.673381900709737 -12.6736079780047639 -12.0182545339057718 -11.4718969816915788 -10.8950733942364817 -10.2722187396864797 -9.70166022916165005 -9.15896159666145415 -8.61343647977894555 -8.03765558881145559 -7.36386277184829741 -6.56823399428440435 -5.76379174715424547 -5.14014341088967353 -4.76652650944099854 -4.49592296575508321 -4.0094996089355579 -3.42385129883909256 -2.82577954394351005 -2.33317083484137999 -2.07931598882278168 -1.96857343382828409 -1.87491156013038651 -1.80049367823718609 -1.77475440176805721 -1.78279208315750948 -1.81038831589122706 -1.87119330661328731 -1.95694221863524676 -2.04434381523502884 -2.12053420656672253 -2.16122988790295079 -2.16605384995463535 -2.15802711790719304 -2.19682454194595334 -2.25690825441125131 -2.27078126080134091 -2.24271245676172137 -2.21150679728376209 -2.20339728238736487 -2.23562941935959492 -2.30846005865223569
-13.0082029870179383 -12.0355228135975985 -11.3933478171536908 -10.8364062808144066 -10.2695858205122086 -9.70789285911352806 -9.17495608731779022 -8.6445856566560213 -8.1052774935085683 -7.54221089293448355 -6.87573452833197774 -6.04879670280545678 -5.177975440515306 -4.52865714895057803 -4.25273702656718822 -4.053584065403256 -3.60160984666670947 -3.04143780871921843 -2.47027336894528027 -2.05752357366425453 -1.90969767564782034 -1.85413929479593387 -1.78111525476865196 -1.71631984126595816 -1.68963387628996142 -1.68861983725736553 -1.70794908614311658 -1.75898981785081809 -1.83174931170737598 -1.9081291338096078 -1.97687729727110195 -2.01837603735931115 -2.04557956757772619 -2.05795053932974703 -2.08429063115700819 -2.11364267916064907 -2.1116474892289907 -2.09158808968610455 -2.08082557204468799 -2.09008491519890516 -2.12489643463325573 -2.18185418254456742
-12.4192134840424302 -11.514074684751975 -10.8598946537066166 -10.286321387724902 -9.72805521193971856 -9.188718360395562 -8.66266030544108823 -8.13490813275013736 -7.6010055825200995 -7.05392919682707298 -6.41775760674186913 -5.60451482595267425 -4.70749577807816433 -4.04175579629063275 -3.79087276826868269 -3.6133770238847398 -3.17960419531676042 -2.63829370276949104 -2.12177220542655398 -1.80461870118858525 -1.73541018932454394 -1.7239078712188054 -1.68388494884968587 -1.63885787062969679 -1.61495103844451182 -1.60772063719499414 -1.62088806482589054 -1.66462636558143018 -1.72665200319817158 -1.78985839045405526 -1.8466659594382695 -1.8835576664253475 -1.91722290780298099 -1.94569616532859491 -1.96558423930537285 -1.97364955547741538 -1.96987941138544276 -1.96678072270317683 -1.97255748174326495 -1.98777209213303552 -2.01790548796848679 -2.06369720630238618
-11.9205584261777044 -11.0776185602514836 -10.400068590303956 -9.82162856711031829 -9.27005697084032043 -8.72725057384394809 -8.18578334651093442 -7.64239944820158712 -7.10155173040514498 -6.56316823295163854 -5.96156124847886293 -5.20730657358045601 -4.38082953119765595 -3.74247044185995303 -3.40278260232982488 -3.17687589210375121 -2.75631764190085082 -2.24570550075536923 -1.82830041595246473 -1.61536413883200614 -1.58076231676134094 -1.58680347099294905 -1.57721885768270731 -1.55644994755122323 -1.53880525291989234 -1.52903607668097297 -1.53764235468011923 -1.57509064037708146 -1.63011970908531456 -1.68618476015973795 -1.7337781049599803 -1.7685601037803198 -1.80467267545231569 -1.84166748381478462 -1.86204413179711703 -1.86384398655087291 -1.86350448005656388 -1.87003050744893407 -1.88155256720809461 -1.89783021488110903 -1.92861846473926613 -1.97931061839380495
-11.4655001080089676 -10.6461633152938067 -9.9405116816132093 -9.37507995089261392 -8.8357345857110321 -8.29386513178656237 -7.73805613916011037 -7.16546563880138798 -6.60347445046622017 -6.0674964521201078 -5.50315620350639634 -4.84137093896976189 -4.15133080832685586 -3.57206250179689278 -3.11479891328794256 -2.77097941336909326 -2.37971661964413439 -1.97084233455584212 -1.66531640406411174 -1.51052723340996931 -1.46609576872553471 -1.46324703415024571 -1.4634530157437764 -1.45592051966165359 -1.44614258275834029 -1.44528505261842999 -1.46094259774846691 -1.49050990512931159 -1.53077754116727993 -1.58054001150873358 -1.62750421006530743 -1.66536759271488366 -1.7091355542264588 -1.75262992207401536 -1.77400548232475508 -1.77728894256039571 -1.77946971610541915 -1.78797243091754066 -1.80019790910902233 -1.81737546904326441 -1.85148162892620638 -1.9090295043493779
-10.8698605164122721 -10.0654140819099922 -9.42422509652738327 -8.9211672148500476 -8.40113550049517599 -7.86317414277111215 -7.29474137701070457 -6.69221116449226905 -6.10530350288361578 -5.56351168960750364 -5.0280461113688073 -4.45717003095496622 -3.88419261062712362 -3.35074234893642009 -2.84953878377549152 -2.45263911201503992 -2.15100893788730874 -1.85638468277793156 -1.60594278255634459 -1.45551125623756006 -1.38193658195174085 -1.35622464988576308 -1.35009160224655766 -1.34584354519411953 -1.34959402805386341 -1.37249846699559774 -1.40611240589515973 -1.43181780794241886 -1.45402786058026101 -1.48514811130915492 -1.52433657885112939 -1.57014657890163023 -1.62284697661650257 -1.66742129582399312 -1.68708435702456039 -1.69237712942749541 -1.69698701656354856 -1.70634135001245513 -1.71883850516861902 -1.73667039497901565 -1.77231935495190762 -1.83279517473104181
-10.0783403357794583 -9.35355168800795234 -8.82513050838829471 -8.3867750887007233 -7.92432360050998152 -7.41747237613575461 -6.84479555614108826 -6.22188400753993598 -5.61302233323721556 -5.05486651287511446 -4.51884657328014505 -3.97359905447065254 -3.4326976169433383 -2.9136863873791663 -2.44637688757380367 -2.16399815823788133 -2.00216216167173622 -1.78547323584611894 -1.5611753460550406 -1.41502688507109897 -1.31891119993824146 -1.26183194452542424 -1.24141732677274819 -1.24860700000773917 -1.27975438302170974 -1.32709645187040848 -1.37070763129482609 -1.39522183277939127 -1.40870688991941795 -1.42159254459028972 -1.43843282456648969 -1.47965015191966498 -1.53607133747631353 -1.58061155917612206 -1.5986849082275647 -1.60551628909988042 -1.61282673223223294 -1.62336374576975118 -1.63622350047924647 -1.65519917738735001 -1.69327685419241747 -1.75626101040640381
-9.25546513380350255 -8.66192454748486362 -8.19665977576394411 -7.77285161855143869 -7.35278868892912651 -6.89461418157862127 -6.35648138184508138 -5.7471913797330858 -5.12608551060145601 -4.54464460416725125 -3.9896254075738451 -3.42881689337145446 -2.87213707707546551 -2.35738360740750519 -1.97396877159578255 -1.86028632415619732 -1.80259043776077088 -1.64217767661156611 -1.47891051867422951 -1.37502644448762901 -1.2763169958640217 -1.19441753132841066 -1.16233148672101572 -1.18505498170587531 -1.23721228070434885 -1.29382177283053568 -1.33809608580180539 -1.36158055493062879 -1.37197407389978587 -1.37457845360103126 -1.36311674530095961 -1.38537542079075049 -1.43991847502957571 -1.48707531264716897 -1.50914103505951847 -1.52079393996211576 -1.53683838326983757 -1.55518905533479002 -1.57077820585999106 -1.58902502515688382 -1.62575566157226947 -1.68880838014031087
-8.46416075936029699 -7.99886169170178274 -7.57199845192697651 -7.14237198466186562 -6.71647465243865049 -6.25056670416842231 -5.73092447183295839 -5.17103189762011528 -4.59534853205417981 -4.02401392529267454 -3.45558424802163255 -2.88142100708517379 -2.31407653145783598 -1.82758908792369712 -1.5892976682325215 -1.58058285350007766 -1.57832167337391205 -1.45227991762183462 -1.3724210152946561 -1.32605948179201505 -1.246740849814437 -1.16742057152906176 -1.1405794444038424 -1.16858161827735807 -1.21823495330399267 -1.26764626781807199 -1.30580984869918204 -1.32545114627974425 -1.33172558553046749 -1.32212414556213265 -1.29255501729069189 -1.29309107975653359 -1.33855783338046508 -1.3869431599240285 -1.41690729226733336 -1.43529682428623961 -1.46029772316129769 -1.49086643000625507 -1.5151901299830699 -1.53471589444440371 -1.56772032788545235 -1.6277123353318228
-7.68664537462689168 -7.28994553164861081 -6.90751645336572118 -6.50365494203644356 -6.04652675479946122 -5.54075600788755374 -5.01408470304141662 -4.4801537538061833 -3.94864337010038513 -3.41594048588640398 -2.86712350275722327 -2.29971318852860307 -1.76062705746113868 -1.40020712829600269 -1.29150185058791567 -1.31172201063694249 -1.34083355252766312 -1.27753239326636026 -1.26313452641285862 -1.25715903992548994 -1.21096443055481018 -1.1565908494601187 -1.1481888932534221 -1.17811259633011778 -1.21144265247061611 -1.2348166004154475 -1.25468408582211821 -1.27432643501685483 -1.28467933894172659 -1.26316618400939396 -1.22504839849242164 -1.20514319720581131 -1.23695409975166815 -1.28395307592845165 -1.32074660236603436 -1.34592318601014216 -1.37565696373656898 -1.41402177826568076 -1.45005573311024571 -1.47873091800175493 -1.512192148326017 -1.56760169154414908
-6.91739903763271702 -6.5549030329439173 -6.05703618172004976 -5.43860784361178684 -5.1775468138643248 -4.77496262218634371 -4.29458571337118666 -3.78378656188662577 -3.27910852206084469 -2.78011878741677965 -2.25975855485148891 -1.73951308627182422 -1.32735803076376357 -1.13159758314343772 -1.12135150702337816 -1.14095825848678034 -1.17517024385272362 -1.14779937391661768 -1.15778364474895334 -1.17164595684957518 -1.16312334961087172 -1.14471828454973457 -1.14525532503624827 -1.15756017490159735 -1.16492922218464523 -1.16665485966493732 -1.17600395844673189 -1.19880408418950513 -1.21858912124949859 -1.19448688185592866 -1.15757845303037166 -1.12844709246125308 -1.14093042885983853 -1.18273484654918337 -1.22404605590191351 -1.25691524858479586 -1.29102703167967969 -1.33221979109360933 -1.37460996853328976 -1.41308058114232971 -1.45262030793081776 -1.505420966892969
-6.67882231078078092 -6.3464808367383263 -5.81735316646561706 -5.10859941341036894 -4.90801884350904949 -4.52407554342630824 -4.04921753742110191 -3.53750740442927558 -3.0339671962939514 -2.54318128506998375 -2.03514109530848852 -1.54552175019735505 -1.19434743653287367 -1.05841440800761477 -1.08220418957859521 -1.10189217626332958 -1.13619709360513532 -1.11269669788535275 -1.12280883069952586 -1.13926507942845512 -1.14355048839823725 -1.13814113370757752 -1.13857581514569262 -1.14036130312592698 -1.13741779099960882 -1.13405078992659059 -1.14311385655896869 -1.16939292071992806 -1.19362852005427222 -1.17043518509946898 -1.13450566844897782 -1.10202123822761733 -1.1047644434066175 -1.14281653839320585 -1.18452868385492116 -1.22008537686658447 -1.25584266411494072 -1.29749704719656256 -1.3418809447720732 -1.3850354241334093 -1.4289211863798148 -1.48189280161833237
-5.83364645179041119 -5.34791194036400874 -4.48135933181818924 -3.90600516393813901 -4.10654432724271157 -3.78031639770373573 -3.34819966762573351 -2.90758218147892933 -2.47033404869018858 -2.05924277431708003 -1.6463082747944453 -1.28708734390814872 -1.01556265057692641 -0.936619813821158553 -1.05389750250377179 -1.09423890865723483 -1.13632367640020382 -1.11187247093370578 -1.07731084079732442 -1.07971395026880268 -1.09239491758176777 -1.0940200096881505 -1.08798022140347284 -1.08151941702234211 -1.07502174560428365 -1.07170079705995969 -1.08514940941153792 -1.12112990628624432 -1.14475261782002669 -1.12038164136235197 -1.08522708702562998 -1.05073964419294619 -1.04648462761469485 -1.08079117758004539 -1.12208899772558901 -1.16155274615528703 -1.20247222964572065 -1.24779841997978758 -1.29616782624486238 -1.34554676803459183 -1.39738094299213333 -1.45806746527121622
-4.10828853898644653 -3.55684559002488099 -2.5561011525829942 -2.51717070293989131 -2.9709845344380108 -2.67092733174697106 -2.21213235516107654 -1.82224448904671066 -1.57474932037482329 -1.37516155449357957 -1.10612869233109024 -0.851373406375201647 -0.64442511290992599 -0.642119487017019042 -0.889510437529980935 -1.05778799774797272 -1.14447919547858024 -1.12002047719729614 -1.05550462237634735 -1.01889821947944781 -1.02626985706529195 -1.03380367013528374 -1.01355995576892899 -0.99147635426351366 -0.979240356592177896 -0.977648736771078886 -1.00276978555674212 -1.05208590218349873 -1.07017613043449367 -1.0417094445060826 -1.00286896337665166 -0.965895381092362948 -0.959438813890107989 -0.990941294643557291 -1.02989083778589929 -1.07436790891025336 -1.13032114329149924 -1.19041312375961938 -1.24706394137853938 -1.30157231499566728 -1.36022386232447245 -1.42988351410101711
-1.9364071659319666 -1.60467087744582138 -0.983481614449961183 -1.16769665189604877 -1.57210718834699259 -1.38262285870488255 -1.03973504357638813 -0.80597676429895948 -0.757244165851719941 -0.717057639974395644 -0.486001292066719826 -0.115257154192133782 0.177243575416410115 0.223451087525373016 0.0504563113280392939 -0.428473593994707358 -0.862404478017035125 -0.933447913426132647 -1.01604311202189423 -0.999186610809330467 -0.959137794635847696 -0.979576952118746291 -0.958866354871453663 -0.90438466062575229 -0.868485105209984232 -0.866410370517678885 -0.907914725574053283 -0.971663310852328932 -0.98530420353089343 -0.954139713973622516 -0.914143449253553952 -0.877400331361723351 -0.873495594232090999 -0.901960966510083173 -0.934346120189834872 -0.979767118120040692 -1.05223052604363576 -1.13605950732043604 -1.21021874943886831 -1.27259928202395711 -1.33430414157779076 -1.40719585539814362
-0.0558852901924199452 0.0594814351728312207 0.252288972721989024 0.21093970532468953 0.0730452889367191327 0.129249715300528534 0.234631498353750634 0.281707184136638311 0.256017494324285666 0.244686136074857674 0.360093463924345492 0.604338564174748072 0.801880941667046598 0.861053864239854527 0.824321878725646218 0.493151053469643441 0.145213467228824999 -0.0603918040872518658 -0.628176217283274108 -0.818383583539315951 -0.789233477913271253 -0.879596564060693975 -0.907430075205558406 -0.81175121415220175 -0.730426859658260264 -0.734369909093062323 -0.788284789924906915 -0.839563676316206431 -0.844607547444486406 -0.823673481418776499 -0.800653132563666659 -0.780569576210010108 -0.783548586759370336 -0.805703952364294929 -0.8307194829996708 -0.874598498151332393 -0.954938586482027008 -1.0558609573419917 -1.15180166992763033 -1.23372138316121593 -1.30692175411381406 -1.38399384839073702
0.708478506420421872 0.764800349136598334 0.818838388993342048 0.873846566181297413 0.918229146751416647 0.944290156673154524 0.954580398632213445 0.951551902432687724 0.938172733349964982 0.920202285942768761 0.912451816174957742 0.933867967984536085 0.966944788032904956 0.981081097705387983 0.969793521427545602 0.944308249702107916 0.909067909366847005 0.759530088720477559 0.276629689452236871 0.00724983351252506125 -0.228902588458063216 -0.54125966423508487 -0.674514974800455525 -0.612228733995557883 -0.564021427932276609 -0.615231908775403902 -0.680213589948950759 -0.687674963851871435 -0.661796098671756261 -0.639627583891516527 -0.635356404494819782 -0.655870493178042357 -0.685369362699164486 -0.704241220646758537 -0.724092273050376267 -0.767182156970473983 -0.849018497843986086 -0.954563322010543835 -1.06297246653543409 -1.16701371049632918 -1.26643762634399271 -1.36188546238075237
0.771566850863076303 0.818027165354930919 0.871449651501378542 0.928221332784317066 0.982522941141230621 1.02699899869330569 1.05693295240854401 1.07142344112721721 1.07065169563628704 1.05885498788272536 1.05121707426668398 1.06974197612712874 1.10272587953920898 1.11583152645550054 1.0945409213071664 1.05024445251882503 0.996328756418580985 0.950728782810352113 0.915288717167919597 0.812536092683098454 0.564182938642705079 0.306719621545916921 0.139297998247214116 -0.0471029251713972474 -0.260805909683126114 -0.436778208081287422 -0.574487381203818037 -0.627133832628583132 -0.571634797893735391 -0.486615498407520608 -0.466537294838408834 -0.525974327046383583 -0.588758624021323174 -0.613775204307335676 -0.628032093713468353 -0.666520158395728091 -0.746654686131951184 -0.852696901040544852 -0.965204890232389423 -1.08589298957027869 -1.22166795371922454 -1.34969216418022087
